模型权重信息
-----------------------------

第 2 层: dense
权重形状: (100, 64)
偏置形状: (64,)
偏置值: [-0.00204001 -0.00349365 -0.00906017 -0.00565438  0.00108827 -0.00931149
  0.         -0.00696437 -0.00180204  0.01094688 -0.00799957 -0.00730142
 -0.000883   -0.00477605  0.00109522  0.          0.00815566  0.0024478
  0.00480202  0.00428072  0.00383809  0.00137757 -0.00257807  0.00325037
 -0.00167532 -0.00743669 -0.0008864  -0.00606737  0.0069118  -0.00338298
 -0.01272612  0.00206544  0.0021686  -0.00083689 -0.00353791 -0.00603483
 -0.00616201 -0.00280919 -0.00640853  0.00836221 -0.00851617  0.00555569
 -0.00525102  0.          0.00091882  0.00834227 -0.00468571  0.00431503
 -0.00682827 -0.00528478 -0.00974552  0.0018944   0.00046532  0.00375522
  0.00042747  0.00190564  0.00660181 -0.00282268 -0.01158384 -0.00591429
  0.00645565 -0.00561296  0.00068581  0.00331149]

第 3 层: dense_1
权重形状: (64, 32)
偏置形状: (32,)
偏置值: [ 1.5918884e-04  2.0283251e-03 -1.4039550e-03 -3.4878047e-03
 -7.6403981e-03  4.0182783e-03  1.2612886e-02 -8.9040836e-03
 -1.0592115e-02  4.9521513e-03  3.6862195e-03  3.9103189e-03
 -4.9056523e-03  0.0000000e+00 -9.5852586e-03  4.8549548e-03
 -1.7952720e-03 -8.1117515e-04  3.7812381e-03 -7.5292238e-03
 -8.5677896e-03 -1.0037416e-02  1.0036174e-03 -6.7252479e-04
 -8.4064406e-05 -5.5493317e-03  5.2357186e-03 -1.8966086e-03
  2.9351190e-04  5.5836523e-03 -3.9798478e-03 -4.0375046e-03]

第 4 层: dense_2
权重形状: (32, 1)
偏置形状: (1,)
偏置值: [-0.00370602]
